nutat
chks  41  8  96  -11  109  -18.4152  -178.50  9.8298  5.30
 nr      argument        longitude      obliquity    period
------------------
  1   0  0  0  0  1  -17.1996  -174.2  9.2025   8.9  6798.4
  2   0  0  2 -2  2   -1.3187    -1.6  0.5736  -3.1   182.6
  3   0  0  2  0  2   -0.2274    -0.2  0.0977  -0.5    13.7
  4   0  0  0  0  2   +0.2062     0.2 -0.0895   0.5  3399.2
  6   1  0  0  0  0   +0.0712     0.1 -0.0007   0.0    27.6
  5   0  1  0  0  0   +0.1426    -3.4  0.0054  -0.1   365.2
  7   0  1  2 -2  2   -0.0517     1.2  0.0224  -0.6   121.7
  8   0  0  2  0  1   -0.0386    -0.4  0.0200   0.0    13.6
  9   1  0  2  0  2   -0.0301     0.0  0.0129  -0.1     9.1
 10   0 -1  2 -2  2   +0.0217    -0.5 -0.0095   0.3   365.3
 11   1  0  0 -2  0   -0.0158     0.0 -0.0001   0.0    31.8
 12   0  0  2 -2  1   +0.0129     0.1 -0.0070   0.0   177.8
 13  -1  0  2  0  2   +0.0123     0.0 -0.0053   0.0    27.1
 14   1  0  0  0  1   +0.0063     0.1 -0.0033   0.0    27.7
 15   0  0  0  2  0   +0.0063     0.0 -0.0002   0.0    14.8
 16  -1  0  2  2  2   -0.0059     0.0  0.0026   0.0     9.6
 17  -1  0  0  0  1   -0.0058     0.1  0.0032   0.0    27.4
 18   1  0  2  0  1   -0.0051     0.0  0.0027   0.0     9.1
 19   2  0  0 -2  0   +0.0048     0.0  0.0001   0.0   205.9
 20  -2  0  2  0  1   +0.0046     0.0 -0.0024   0.0  1305.5
 21   0  0  2  2  2   -0.0038     0.0  0.0016   0.0     7.1
 22   2  0  2  0  2   -0.0031     0.0  0.0013   0.0     6.9
 23   2  0  0  0  0   +0.0029     0.0 -0.0001   0.0    13.8
 24   1  0  2 -2  2   +0.0029     0.0 -0.0012   0.0    23.9
 25   0  0  2  0  0   +0.0026     0.0 -0.0001   0.0    13.6
 26   0  0  2 -2  0   -0.0022     0.0  0.0      0.0   173.3 
 27  -1  0  2  0  1   +0.0021     0.0 -0.0010   0.0    27.0
 28   0  2  0  0  0   +0.0017    -0.1  0.0      0.0   182.6 
 29   0  2  2 -2  2   -0.0016     0.1  0.0007   0.0    91.3
 30  -1  0  0  2  1   +0.0016     0.0 -0.0008   0.0    32.0
 31   0  1  0  0  1   -0.0015     0.0  0.0009   0.0   386.0
 32   1  0  0 -2  1   -0.0013     0.0  0.0007   0.0    31.7
 33   0 -1  0  0  1   -0.0012     0.0  0.0006   0.0   346.6
 34   2  0 -2  0  0   +0.0011     0.0  0.0      0.0  1095.2 
 35  -1  0  2  2  1   -0.0010     0.0  0.0005   0.0     9.5
 36   1  0  2  2  2   -0.0008     0.0  0.0003   0.0     5.6
 37   0 -1  2  0  2   -0.0007     0.0  0.0003   0.0    14.2
 38   0  0  2  2  1   -0.0007     0.0  0.0003   0.0     7.1
 39   1  1  0 -2  0   -0.0007     0.0  0.0      0.0    34.8
 40   0  1  2  0  2   +0.0007     0.0 -0.0003   0.0    13.2
 41  -2  0  0  2  1   -0.0006     0.0  0.0003   0.0   199.8
 42   0  0  0  2  1   -0.0006     0.0  0.0003   0.0    14.8
 43   2  0  2 -2  2   +0.0006     0.0 -0.0003   0.0    12.8
 44   1  0  0  2  0   +0.0006     0.0  0.0      0.0     9.6
 45   1  0  2 -2  1   +0.0006     0.0 -0.0003   0.0    23.9
 46   0  0  0 -2  1   -0.0005     0.0  0.0003   0.0    14.7
 47   0 -1  2 -2  1   -0.0005     0.0  0.0003   0.0   346.6
 48   2  0  2  0  1   -0.0005     0.0  0.0003   0.0     6.9
 49   1 -1  0  0  0   +0.0005     0.0  0.0      0.0    29.8
 50   1  0  0 -1  0   -0.0004     0.0  0.0      0.0   411.8
 51   0  0  0  1  0   -0.0004     0.0  0.0      0.0    29.5
 52   0  1  0 -2  0   -0.0004     0.0  0.0      0.0    15.4
 53   1  0 -2  0  0   +0.0004     0.0  0.0      0.0    26.9
 54   2  0  0 -2  1   +0.0004     0.0 -0.0002   0.0   212.3
 55   0  1  2 -2  1   +0.0004     0.0 -0.0002   0.0   119.6
 56   1  1  0  0  0   -0.0003     0.0  0.0      0.0    25.6
 57   1 -1  0 -1  0   -0.0003     0.0  0.0      0.0  3232.9 
 58  -1 -1  2  2  2   -0.0003     0.0  0.0001   0.0     9.8
 59   0 -1  2  2  2   -0.0003     0.0  0.0001   0.0     7.2
 60   1 -1  2  0  2   -0.0003     0.0  0.0001   0.0     9.4
 61   3  0  2  0  2   -0.0003     0.0  0.0001   0.0     5.5
 62  -2  0  2  0  2   -0.0003     0.0  0.0001   0.0  1615.7 
 63   1  0  2  0  0   +0.0003     0.0  0.0      0.0     9.1
 64  -1  0  2  4  2   -0.0002     0.0  0.0001   0.0     5.8
 65   1  0  0  0  2   -0.0002     0.0  0.0001   0.0    27.8
 66  -1  0  2 -2  1   -0.0002     0.0  0.0001   0.0    32.6
 67   0 -2  2 -2  1   -0.0002     0.0  0.0001   0.0  6786.3 
 68  -2  0  0  0  1   -0.0002     0.0  0.0001   0.0    13.7
 69   2  0  0  0  1   +0.0002     0.0 -0.0001   0.0    13.8
 70   3  0  0  0  0   +0.0002     0.0  0.0      0.0     9.2
 71   1  1  2  0  2   +0.0002     0.0 -0.0001   0.0     8.9
 72   0  0  2  1  2   +0.0002     0.0 -0.0001   0.0     9.3
 73   1  0  0  2  1   -0.0001     0.0  0.0      0.0     9.6
 74   1  0  2  2  1   -0.0001     0.0  0.0001   0.0     5.6
 75   1  1  0 -2  1   -0.0001     0.0  0.0      0.0    34.7
 76   0  1  0  2  0   -0.0001     0.0  0.0      0.0    14.2
 77   0  1  2 -2  0   -0.0001     0.0  0.0      0.0   117.5
 78   0  1 -2  2  0   -0.0001     0.0  0.0      0.0   329.8
 79   1  0 -2  2  0   -0.0001     0.0  0.0      0.0    32.8
 80   1  0 -2 -2  0   -0.0001     0.0  0.0      0.0     9.5   
 81   1  0  2 -2  0   -0.0001     0.0  0.0      0.0    32.8
 82   1  0  0 -4  0   -0.0001     0.0  0.0      0.0    10.1
 83   2  0  0 -4  0   -0.0001     0.0  0.0      0.0    15.9
 84   0  0  2  4  2   -0.0001     0.0  0.0      0.0     4.8
 85   0  0  2 -1  2   -0.0001     0.0  0.0      0.0    25.4
 86  -2  0  2  4  2   -0.0001     0.0  0.0001   0.0     7.3
 87   2  0  2  2  2   -0.0001     0.0  0.0      0.0     4.7
 88   0 -1  2  0  1   -0.0001     0.0  0.0      0.0    14.2
 89   0  0 -2  0  1   -0.0001     0.0  0.0      0.0    13.6
 90   0  0  4 -2  2   +0.0001     0.0  0.0      0.0    12.7
 91   0  1  0  0  2   +0.0001     0.0  0.0      0.0   409.2
 92   1  1  2 -2  2   +0.0001     0.0 -0.0001   0.0    22.5
 93   3  0  2 -2  2   +0.0001     0.0  0.0      0.0     8.7
 94  -2  0  2  2  2   +0.0001     0.0 -0.0001   0.0    14.6
 95  -1  0  0  0  2   +0.0001     0.0 -0.0001   0.0    27.3
 96   0  0 -2  2  1   +0.0001     0.0  0.0      0.0   169.0
 97   0  1  2  0  1   +0.0001     0.0  0.0      0.0    13.1
 98  -1  0  4  0  2   +0.0001     0.0  0.0      0.0     9.1
 99   2  1  0 -2  0   +0.0001     0.0  0.0      0.0   131.7
100   2  0  0  2  0   +0.0001     0.0  0.0      0.0     7.1
101   2  0  2 -2  1   +0.0001     0.0 -0.0001   0.0    12.8                
102   2  0 -2  0  1   +0.0001     0.0  0.0      0.0   943.2 
103   1 -1  0 -2  0   +0.0001     0.0  0.0      0.0    29.3
104  -1  0  0  1  1   +0.0001     0.0  0.0      0.0   388.3
105  -1 -1  0  2  1   +0.0001     0.0  0.0      0.0    35.0
106   0  1  0  1  0   +0.0001     0.0  0.0      0.0    27.3     
