tiut1
chks  19  -2  40  25  28  -22.45
 nr     argument     coef(1.d-4sec) days
---------                                                                                 
  1   1  0  2  2  2    -0.02        5.64
  2   2  0  2  0  1    -0.04        6.85
  3   2  0  2  0  2    -0.10        6.86
  4   0  0  2  2  1    -0.05        7.09
  5   0  0  2  2  2    -0.12        7.10
  6   1  0  2  0  0    -0.04        9.11
  7   1  0  2  0  1    -0.41        9.12
  8   1  0  2  0  2    -0.99        9.13
  9   3  0  0  0  0    -0.02        9.18 
 10  -1  0  2  2  1    -0.08        9.54
 11  -1  0  2  2  2    -0.20        9.56
 12   1  0  0  2  0    -0.08        9.61
 13   2  0  2 -2  2     0.02       12.81
 14   0  1  2  0  2     0.03       13.17
 15   0  0  2  0  0    -0.30       13.61
 16   0  0  2  0  1    -3.21       13.63
 17   0  0  2  0  2    -7.76       13.66
 18   2  0  0  0 -1     0.02       13.75 
 19   2  0  0  0  0    -0.34       13.78
 20   2  0  0  0  1     0.02       13.81
 21   0 -1  2  0  2    -0.02       14.19         
 22   0  0  0  2 -1     0.05       14.73
 23   0  0  0  2  0    -0.73       14.77
 24   0  0  0  2  1    -0.05       14.80 
 25   0 -1  0  2  0    -0.05       15.39
 26   1  0  2 -2  1     0.05       23.86 
 27   1  0  2 -2  2     0.10       23.94
 28   1  1  0  0  0     0.04       25.62
 29  -1  0  2  0  0     0.05       26.88
 30  -1  0  2  0  1     0.18       26.98
 31  -1  0  2  0  2     0.44       27.09
 32   1  0  0  0 -1     0.53       27.44
 33   1  0  0  0  0    -8.26       27.56
 34   1  0  0  0  1     0.54       27.67
 35   0  0  0  1  0     0.05       29.53
 36   1 -1  0  0  0    -0.06       29.80
 37  -1  0  0  2 -1     0.12       31.66
 38  -1  0  0  2  0    -1.82       31.81 
 39  -1  0  0  2  1     0.13       31.96
 40   1  0 -2  2 -1     0.02       32.61
 41  -1 -1  0  2  0    -0.09       34.85
